x  area  M  p  T  rho  u
0.0  0.0016129  0.2395640322527227  6625.166519973149  98.86759722755  0.23372578741847522  47.708799739927485
0.00254  0.0016119451930845879  0.23971630796419632  6624.832101290116  98.866173503986  0.23371735523774126  47.738781477830955
0.00508  0.0016090845405250362  0.24017373974467338  6623.826370151594  98.86189148652142  0.2336919955557734  47.828841843514994
0.00762  0.0016043293320100907  0.24093814488104376  6622.141873535587  98.85471850492584  0.23364951822584884  47.97932685124997
0.01016  0.0015976983341753107  0.24201256334854349  6619.7660969274  98.84459967403222  0.2335896039033838  48.190815050123774
0.012700000000000001  0.001589217716539736  0.24340127456007202  6616.681324058835  98.83145723545736  0.2335118003656821  48.46412030286647
0.01524  0.0015789209482267481  0.24510982081890015  6612.86443846789  98.81518962377969  0.23341551729936041  48.800295656920696
0.01778  0.0015668486658767327  0.24714503746959404  6608.286664834287  98.79567024489828  0.2333000194955962  49.20063828604734
0.02032  0.001553048513272824  0.24951508972747607  6602.913247511669  98.77274595074208  0.23316441837690813  49.66669547099391
0.022860000000000002  0.00153757495331266  0.2522295161419373  6596.703063189752  98.74623519093602  0.2330076617634525  50.200271575147966
0.025400000000000002  0.0015204890530682057  0.25529927861027646  6589.608164203221  98.71592581849897  0.2328285217722716  50.803435954835585
0.027940000000000003  0.001501858242781921  0.25873681880278404  6581.5732486885445  98.68157252320286  0.23262558073015016  51.478531723061735
0.03048  0.0014817560497503983  0.2625561207823012  6572.535053618881  98.64289386296268  0.23239721497063973  52.22818525896731
0.03302  0.0014602618081457147  0.2667727794974587  6562.421666776285  98.59956886068987  0.23214157637957783  53.05531632186716
0.03556  0.0014374603459196985  0.27140407469249567  6551.151754024063  98.55123313162763  0.23185657155268713  53.963148587054114
0.0381  0.001413441650026759  0.27646904960133256  6538.633698916556  98.49747450457157  0.23153983843573844  54.95522036905283
0.04064  0.001388300511286487  0.2819885935718429  6524.764652851198  98.43782809993107  0.2311887203350602  56.035395234963474
0.04318  0.0013621361502875967  0.2879855274895483  6509.429495784156  98.37177082880022  0.2308002372174821  57.20787213410006
0.045720000000000004  0.0013350518258095916  0.2944846905288816  6492.499710187698  98.29871528071864  0.23037105426858293  58.477194578361186
0.048260000000000004  0.001307154427307535  0.3015130263446784  6473.832174660831  98.21800297443136  0.2298974477520165  59.848258298742415
0.050800000000000005  0.0012785540530682058  0.3090996663163307  6453.267888695217  98.12889695673424  0.22937526831753674  61.326316675340834
0.053340000000000005  0.0012493635757024582  0.31727600686187774  6430.6306468760695  98.03057375069167  0.22879990204934972  62.91698308970131
0.055880000000000006  0.0012196981966885944  0.32607577714023245  6405.725689634917  97.92211467768247  0.22816622973913256  64.62622917870313
0.05842000000000001  0.0011896749917247598  0.3355350926500335  6378.338368974977  97.80249660970226  0.22746858512030751  66.46037777878259
0.06096  0.0011594124486846485  0.3456924893107505  6348.23288177407  97.67058225123009  0.2267007131235937  68.42608914023586
0.0635  0.00112903  0.35658893157960225  6315.151140720102  97.52511010609072  0.22585572962036288  70.5303387682043
0.06604  0.0010986475513153511  0.3682677870302067  6278.811873935783  97.36468435655723  0.22492608462060917  72.78038501766781
0.06858  0.00106838500827524  0.3807747586227543  6238.910068998325  97.18776497181052  0.22390353149417838  75.18372434683484
0.07112  0.0010383618033114053  0.3941577646763415  6195.116905118466  96.99265847275203  0.22277910548905427  77.74803193501687
0.07366  0.0010086964242975414  0.4084667553809195  6147.080347963324  96.77750991112079  0.2215431156209146  80.48108522284748
0.0762  0.000979505946931794  0.42375345365761524  6094.426613493889  96.5402967723697  0.22018515488054358  83.39066786839467
0.07874  0.0009509055726924647  0.4400710074253079  6036.762737731496  96.27882568079825  0.21869413460508852  86.48445167540521
0.08128  0.0009230081741904082  0.45747354003065877  5973.680514754326  95.99073296537024  0.21705834971149615  89.7698542919941
0.08382  0.0008959238497124027  0.4760155859609144  5904.762080085557  95.67349032387932  0.21526558218512604  93.25387095988329
0.08636  0.0008697594887135126  0.4957514002326603  5829.587413903451  95.32441698377843  0.21330325060025648  96.94287938061952
0.0889  0.0008446183499732409  0.5167341323089696  5747.744009518544  94.94069987475548  0.21115861332401786  100.84241791895667
0.09144000000000001  0.0008205996540803014  0.5390148593179098  5658.838887568509  94.51942336779035  0.20881903218406142  104.95693893564822
0.09398000000000001  0.0007977981918542853  0.5626414789693602  5562.513025601344  94.05761005749731  0.20627230150365328  109.28954105691159
0.09652000000000001  0.0007763039502496014  0.587657470051847  5458.458108178726  93.55227382393497  0.20350704427783958  113.84168662616847
0.09906000000000001  0.0007562017572180787  0.6141005377441002  5346.435280772267  93.00048596218038  0.20051317269674646  118.61291336114061
0.10160000000000001  0.0007375709469317942  0.6420011719807756  5226.295315660728  92.39945447704532  0.19728240416846715  123.60055218783977
0.10414000000000001  0.0007204850466873397  0.6713811592559701  5097.999284994011  91.74661569066285  0.19380881662557797  128.79946607718395
0.10668000000000001  0.0007050114867271757  0.7022521006714353  4961.638514247757  91.0397361198943  0.19008941868816875  134.20182710757877
0.10922000000000001  0.0006912113341232672  0.7346140005206585  4817.452302139286  90.27702121228229  0.18612470202801015  139.79695047930258
0.11176000000000001  0.0006791390517732517  0.7684539987269378  4665.841696388893  89.45722610197912  0.18191913620470784  145.5712043469518
0.11430000000000001  0.000668842283460264  0.8037453253491896  4507.377569019116  88.5797622334268  0.17748156174281698  151.50801269507863
0.11684000000000001  0.0006603616658246893  0.8404465545382204  4342.801393793043  87.64479271393  0.1728254367420447  157.58796478475355
0.11938000000000001  0.0006537306679899093  0.8785012275580217  4173.017523639252  86.6533088212538  0.1679688970408272  163.78903891677197
0.12192  0.0006489754594749636  0.9178378992800366  3999.076392679277  85.60718040165203  0.16293460043906052  170.08694068822405
0.12446  0.0006461148069154122  0.958370640390264  3822.1488747721946  84.5091740583219  0.15774934134522076  176.4555472145123
0.127  0.00064516  0.9999999691022654  3643.4930527769307  83.36293589308778  0.15244344590520303  182.86743519526257
0.12954000000000002  0.000645478268971804  1.0244881587146524  3540.0802923801702  82.68098317797326  0.1493383308108647  186.57766161112036
0.13208  0.0006464318198249879  1.049265267200096  3436.848151340619  81.98586908838709  0.14621271863212681  190.28505756454436
0.13462000000000002  0.0006480168893299698  1.0742900444205812  3334.114630271532  81.27913572386778  0.14307549695551094  193.9817960403134
0.13716  0.0006502272219415631  1.0995197198342734  3232.1904263064666  80.56241744509934  0.13993561558915546  197.66016527198974
0.13970000000000002  0.0006530540944867546  1.1249103209171554  3131.3748777629703  79.83742337992514  0.13680197376404324  201.3126399567361
0.14224  0.000656486350591084  1.1504169690739439  3031.95238882841  79.10591976004325  0.13368331473803566  204.93194305015768
0.14478000000000002  0.0006605104447077558  1.1759941780060514  2934.1892948325867  78.36971169569804  0.13058812669561073  208.51110160288096
0.14732  0.0006651104955757252  1.2015961487967837  2838.331238262062  77.63062485558059  0.12752455240846594  212.04349563304936
0.14986000000000002  0.0006702683488957801  1.227177056362669  2744.601101758122  76.89048750136233  0.12450030966941263  215.52289929903432
0.1524  0.0006759636489772647  1.2526913224749487  2653.197519879427  76.15111329011332  0.12152262399450874  218.94351391825296
0.15494000000000002  0.000682173919072693  1.2780938712393421  2564.293967943213  75.41428520656721  0.11859817454160224  222.2999926558701
0.15748  0.0006888746500832006  1.3033403636926517  2478.0384051026026  74.68174092480815  0.1157330536516915  225.5874569676594
0.16002000000000002  0.0006960393972847618  1.3283874089894243  2394.5534309688464  73.95515982978102  0.11293273991291249  228.80150511336265
0.16256  0.0007036398846934339  1.3531927504698729  2313.936901184488  73.2361518573625  0.1102020841997866  231.93821325236897
0.1651  0.000711646116657747  1.3777154256864375  2236.262937667839  72.526248241474  0.10754530776957258  234.99412978761254
0.16764  0.0007200264962378377  1.4019159001914685  2161.583263723486  71.82689419117399  0.10496601121271691  237.96626373446352
0.17018  0.0007287479499041344  1.4257561755306083  2089.928792520498  71.13944346238559  0.10246719285804284  240.85206795999278
0.17272  0.0007377760580634695  1.44919987243152  2021.311399054211  70.46515473961391  0.10005127512194913  243.64941816753029
0.17526  0.0007470751908974884  1.472212290618283  1955.7258099863545  69.8051897036245  0.09772013725639714  246.35658849666416
0.1778  0.0007566086489772647  1.4947604470173665  1893.1515520113044  69.16061263179328  0.09547515298151706  248.97222457554477
0.18034  0.0007663388080991807  1.5168130943558586  1833.5549069476492  68.5323913583251  0.09331723157222227  251.4953148067902
0.18288000000000001  0.0007762272677704686  1.5383407222948717  1776.8908299873892  67.92139941093195  0.09124686109075854  253.92516059663478
0.18542  0.0007862350027584134  1.5593155433017296  1723.1047959235273  67.32841913772344  0.08926415260566774  256.2613461550061
0.18796000000000002  0.0007963225171051171  1.5797114654560256  1672.1345462995173  66.7541456416836  0.08736888440054094  258.5037084070864
0.1905  0.00080645  1.5995040543201102  1623.9117179678972  66.19919134881691  0.0855605453432178  260.65230746893064
0.1921177321640935  0.0008129027418810686  1.611784977564979  1594.5973553533713  65.85605830224918  0.08445378513489049  261.9719886027496
0.1921177321640935  0.0008129027418810686  0.6648834725720993  4566.0417551770315  91.90350569981659  0.17328924651600935  127.7008206063396
0.19304000000000002  0.0008165774828948831  0.6591026578902474  4588.588919502976  92.03294067823187  0.17390003354208242  126.67964100291056
0.19558  0.0008266649972415866  0.64402247846963  4647.139271402616  92.36694825647406  0.1754821334846311  124.00563908555942
0.19812000000000002  0.0008366727322295317  0.6300745108104514  4700.916947495498  92.67109144170196  0.1769302589751377  121.51955245153039
0.20066  0.0008465611919008195  0.6171528546454826  4750.380653277552  92.94865022361688  0.17825804402228604  119.20552845213008
0.20320000000000002  0.0008562913510227352  0.6051719459156516  4795.9092536127255  93.20230902634519  0.179476709167679  117.05075909818348
0.20574  0.0008658248091025117  0.5940612987553107  4837.821702437151  93.43430467583178  0.1805956616066692  115.04468275395038
0.20828000000000002  0.0008751239419365307  0.5837619047277043  4876.390656476616  93.64652824505282  0.18162290666276312  113.17843972441776
0.21082  0.0008841520500958656  0.5742236998664279  4911.852035808996  93.84059719074942  0.18256533798955937  111.44449126595141
0.21336000000000002  0.0008928735037621623  0.5654037415087145  4944.411903419969  94.01790773941656  0.18342894736405607  109.83634705058877
0.2159  0.000901253883342253  0.5572648697120298  4974.251524509403  94.179673776957  0.18421897971993415  108.34836649833935
0.21844000000000002  0.0009092601153065662  0.5497747072669104  5001.5311612465575  94.3269562888618  0.18494004999590524  106.97561155899535
0.22098  0.0009168606027152382  0.5429049011846054  5026.392970637347  94.46068603759343  0.1855962327824166  105.7137360345564
0.22352000000000002  0.0009240253499167995  0.5366305395718293  5048.963253943944  94.58168130132056  0.1861911322044485  104.55890130529446
0.22606  0.0009307260809273072  0.5309296980263652  5069.354228626179  94.69066193722169  0.18672793717349528  103.50771143326529
0.22860000000000003  0.0009369363510227353  0.5257830831665328  5087.665442343735  94.78826065954311  0.18720946561072904  102.557162691216
0.23114  0.00094263165110422  0.5211737500770438  5103.98491376553  94.87503216950859  0.18763820020626953  101.70460397578745
0.23368000000000003  0.0009477895044242749  0.517086876806929  5118.3900609983675  94.95146059933043  0.18801631756472137  100.94770554108318
0.23622  0.0009523895552922444  0.5135095835312196  5130.948461732027  95.01796560973784  0.18834571208664616  100.28443417646882
0.23876000000000003  0.0009564136494089161  0.5104307871910693  5141.718477361996  95.0749073927766  0.1886280155799653  99.71303344384003
0.24130000000000001  0.0009598459055132453  0.5078410847532914  5150.749764857907  95.12259076810183  0.18886461333889254  99.23200794558036
0.24384  0.0009626727780584368  0.5057326599449438  5158.083693970856  95.16126851421996  0.18905665724049273  98.84011085589529
0.24638000000000002  0.0009648831106700301  0.5040992096021447  5163.753682819052  95.19114404113067  0.18920507626970182  98.53633414300234
0.24892  0.000966468180175012  0.5029358867499034  5167.785461478583  95.21237348412137  0.18931058477838028  98.31990105711968
0.25146  0.000967421731028196  0.5022392582899138  5170.197270597046  95.22506727764215  0.18937368870269966  98.190260573003
0.254  0.0009677399999999999  0.5020072757800098  5171.0  95.22929125148728  0.18939468989867586  98.14708356584161
