x T p rho ux uy uz
0 	98.86362272 	6624.636485 	0.2337162738 	47.86789558 	-8.128803296e-11 	-5.761466762e-20
0.0008466666667 	98.86004599 	6623.795632 	0.2336950608 	47.90857418 	-8.135711232e-11 	-5.766362912e-20
0.001693333333 	98.85503153 	6622.617601 	0.2336653501 	47.96293237 	-8.1449422e-11 	-5.772905562e-20
0.00254 	98.84857936 	6621.102392 	0.2336271417 	48.03097014 	-8.156496201e-11 	-5.771314962e-20
0.004233333333 	98.84263404 	6619.706643 	0.2335919412 	48.15554006 	-8.177650344e-11 	-5.796088173e-20
0.00508 	98.83910429 	6618.878041 	0.2335710435 	48.22244611 	-8.189012901e-11 	-4.737865988e-18
0.005926666667 	98.83566311 	6618.070279 	0.2335506695 	48.29242376 	-8.200895584e-11 	-5.812563744e-20
0.009313333333 	98.82059858 	6614.534593 	0.2334614797 	48.60766251 	-8.25442862e-11 	-5.850506452e-20
0.01016 	98.81650594 	6613.574243 	0.2334372521 	48.69664783 	-8.269539879e-11 	-5.861216887e-20
0.01100666667 	98.81213835 	6612.549593 	0.2334114013 	48.79353277 	-8.285992631e-11 	-5.872878134e-20
0.0127 	98.80292718 	6610.388983 	0.2333568893 	48.99972348 	-8.321010332e-11 	1.456123931e-18
0.01354666667 	98.79789319 	6609.208486 	0.233327103 	49.11344117 	-8.340318656e-11 	-5.911382889e-20
0.01524 	98.78725607 	6606.714363 	0.2332641672 	49.35434695 	-8.381231993e-11 	3.83106866e-19
0.01608666667 	98.78142107 	6605.346507 	0.233229647 	49.48661368 	-8.403689853e-11 	-5.956298609e-20
0.01693333333 	98.7753537 	6603.92432 	0.2331937537 	49.62394406 	-8.427010948e-11 	-5.972827944e-20
0.01778 	98.76905396 	6602.447801 	0.2331564872 	49.76633812 	-8.45119194e-11 	-5.98996675e-20
0.01862666667 	98.7622422 	6600.851632 	0.2331161963 	49.91926411 	-8.477161441e-11 	-6.0083732e-20
0.02032 	98.74778779 	6597.465257 	0.2330307092 	50.24125003 	-8.531841558e-11 	5.044347778e-19
0.02116666667 	98.73982938 	6595.601407 	0.2329836505 	50.41586543 	-8.561493004e-11 	-6.068145036e-20
0.02455333333 	98.70410572 	6587.239229 	0.2327724781 	51.18257364 	-8.691693426e-11 	-6.160427428e-20
0.0254 	98.69414394 	6584.908591 	0.23271361 	51.3918882 	-8.727238687e-11 	-6.185620907e-20
0.02709333333 	98.67233231 	6579.808304 	0.2325847606 	51.84134854 	-8.80356489e-11 	-6.239718769e-20
0.02794 	98.66083689 	6577.121188 	0.2325168678 	52.07546271 	-8.843321558e-11 	-6.267897176e-20
0.02878666667 	98.64851923 	6574.243286 	0.2324441424 	52.3222564 	-8.885231431e-11 	-6.297601712e-20
0.02963333333 	98.63577321 	6571.266122 	0.2323689018 	52.57548863 	-8.928234678e-11 	-6.328081203e-20
0.03048 	98.62259886 	6568.189695 	0.232291146 	52.83515939 	-8.972331301e-11 	-6.359335647e-20
0.03217333333 	98.59400475 	6561.517333 	0.2321224631 	53.38757287 	-9.066140741e-11 	-6.425825135e-20
0.03302 	98.57901278 	6558.020547 	0.2320340483 	53.67391089 	-9.11476593e-11 	-6.460289299e-20
0.03556 	98.52965294 	6546.518887 	0.2317431345 	54.59572248 	-9.271308988e-11 	2.432394589e-19
0.03640666667 	98.5116711 	6542.333058 	0.2316372221 	54.92444916 	-9.327129133e-11 	-6.610806354e-20
0.03725333333 	98.49315896 	6538.025366 	0.2315282107 	55.26047154 	-9.384191591e-11 	-6.651250617e-20
0.0381 	98.47411651 	6533.595811 	0.2314161002 	55.60378961 	-9.442492986e-11 	-6.692573003e-20
0.03894666667 	98.45398403 	6528.916175 	0.2312976247 	55.96194374 	-9.503313803e-11 	-6.735681085e-20
0.03979333333 	98.4332915 	6524.108268 	0.2311758815 	56.32767389 	-9.565421159e-11 	-6.779701029e-20
0.04064 	98.4120389 	6519.172089 	0.2310508707 	56.70098005 	-9.628815054e-11 	-6.824632835e-20
0.04148666667 	98.38963243 	6513.972137 	0.2309191348 	57.08979704 	-9.694842957e-11 	-6.871431553e-20
0.04318 	98.34303727 	6503.165647 	0.2306452877 	57.89123422 	-9.830947419e-11 	2.74799455e-18
0.04487333333 	98.29276554 	6491.52225 	0.2303500647 	58.74130581 	-9.975297942e-11 	-7.070210145e-20
0.04572 	98.26668018 	6485.484886 	0.2301969398 	59.17874107 	-1.004958208e-10 	-7.122860647e-20
0.04656666667 	98.2392885 	6479.151502 	0.2300362398 	59.63301456 	-1.012672564e-10 	-7.177537829e-20
0.04741333333 	98.2112205 	6472.665222 	0.2298716232 	60.09587551 	-1.02053275e-10 	-7.233248613e-20
0.04826 	98.18247618 	6466.026045 	0.2297030901 	60.56732392 	-1.028538766e-10 	-7.289992999e-20
0.04910666667 	98.15232779 	6459.070212 	0.2295264372 	61.05629822 	-1.036842402e-10 	-7.348846832e-20
0.0508 	98.08985077 	6444.66813 	0.2291605424 	62.06116967 	-1.053907133e-10 	1.507120171e-19
0.05164666667 	98.05673384 	6437.045447 	0.2289667622 	62.58653225 	-1.062828444e-10 	-7.533028576e-20
0.05334 	97.98812655 	6421.269047 	0.2285655411 	63.66558183 	-1.081153118e-10 	2.904878769e-19
0.05418666667 	97.95178311 	6412.925563 	0.2283532074 	64.22918095 	-1.090723483e-10 	-7.730740754e-20
0.05503333333 	97.91457927 	6404.390719 	0.2281359397 	64.80271938 	-1.100463165e-10 	-7.79977288e-20
0.05588 	97.87651505 	6395.664515 	0.227913738 	65.3861971 	-1.110371634e-10 	-7.870001317e-20
0.05672666667 	97.83664473 	6386.537826 	0.2276811984 	65.98997209 	-1.120624786e-10 	-7.94267277e-20
0.05842 	97.75407739 	6367.659724 	0.2271999718 	67.22857752 	-1.141658461e-10 	-1.03416077e-19
0.05926666667 	97.71034925 	6357.681876 	0.2269454174 	67.87431695 	-1.152624248e-10 	-8.169475937e-20
0.06011333333 	97.66558224 	6347.475947 	0.2266849523 	68.53097972 	-1.163775527e-10 	-8.248513059e-20
0.06096 	97.61977635 	6337.041936 	0.2264185764 	69.19856582 	-1.175112303e-10 	-8.328864934e-20
0.06180666667 	97.57178736 	6326.130328 	0.2261398063 	69.88853786 	-1.186829231e-10 	-8.411911221e-20
0.0635 	97.47237185 	6303.557912 	0.2255627944 	71.30295238 	-1.210848456e-10 	-8.582152718e-20
0.06434666667 	97.41967968 	6291.623294 	0.2252574156 	72.0395254 	-1.22335675e-10 	-8.670807983e-20
0.06773333333 	97.1932915 	6240.515305 	0.2239479747 	75.13260488 	-1.275882632e-10 	-9.043096641e-20
0.06858 	97.13259366 	6226.857621 	0.2235975926 	75.94337588 	-1.289650938e-10 	-9.140682509e-20
0.06942666667 	97.06895549 	6212.572881 	0.2232307728 	76.7800249 	-1.303858697e-10 	-9.241383104e-20
0.07027333333 	97.00377285 	6197.96042 	0.2228553445 	77.62991791 	-1.318291362e-10 	-9.343677769e-20
0.07112 	96.93704574 	6183.020239 	0.2224713079 	78.49305491 	-1.332948933e-10 	-9.447566504e-20
0.07196666667 	96.86707557 	6167.395564 	0.2220692526 	79.38327082 	-1.348066352e-10 	-9.554714506e-20
0.07281333333 	96.79540404 	6151.413806 	0.2216577758 	80.28732381 	-1.363418748e-10 	-9.663527964e-20
0.07366 	96.72203114 	6135.074965 	0.2212368776 	81.20521387 	-1.379006121e-10 	-9.774006877e-20
0.07450666667 	96.64508897 	6117.99144 	0.2207962837 	82.1513915 	-1.395073867e-10 	-9.887890533e-20
0.07535333333 	96.56627509 	6100.519843 	0.2203453998 	83.11201657 	-1.411386956e-10 	-1.000351311e-19
0.0762 	96.48558949 	6082.660172 	0.2198842257 	84.08708909 	-1.427945387e-10 	-1.012087461e-19
0.07704666667 	96.40098044 	6063.99242 	0.2194015666 	85.09162489 	-1.445004157e-10 	-1.024178236e-19
0.07874 	96.22560027 	6025.396709 	0.218402646 	87.14568498 	-1.479886139e-10 	-4.169612918e-18
0.07958666667 	96.13258696 	6005.016785 	0.2178742616 	88.21072134 	-1.497971853e-10 	-1.061720247e-19
0.08128 	95.93982501 	5962.900667 	0.2167810994 	90.38733545 	-1.534935751e-10 	5.11061506e-18
0.08212666667 	95.83763233 	5940.680271 	0.2162032416 	91.5149327 	-1.554083123e-10 	-1.101490334e-19
0.08297333333 	95.73299285 	5917.975668 	0.2156122979 	92.65853484 	-1.573503481e-10 	-1.115254937e-19
0.08382 	95.62590655 	5894.786858 	0.2150082684 	93.81814186 	-1.59319563e-10 	-1.129212177e-19
0.08551333333 	95.39887147 	5845.893115 	0.2137318858 	96.21865706 	-1.633960564e-10 	-1.158105214e-19
0.08636 	95.28136718 	5820.672574 	0.2130726168 	97.44353771 	-1.654761173e-10 	-1.1728481e-19
0.08805333333 	95.03242037 	5767.561691 	0.2116809501 	99.97640898 	-1.697773744e-10 	-1.203334198e-19
0.0889 	94.90363339 	5740.187428 	0.2109626045 	101.2679713 	-1.719706724e-10 	-1.218879676e-19
0.09144 	94.49005218 	5652.981757 	0.2086668671 	105.2949977 	-1.788093518e-10 	4.424135329e-19
0.09313333333 	94.19195954 	5590.751678 	0.2070221087 	108.0990919 	-1.835711063e-10 	-1.301100284e-19
0.09398 	94.0379252 	5558.738785 	0.2061744938 	109.526818 	-1.859956341e-10 	-1.318284653e-19
0.09652 	93.54455321 	5457.190239 	0.2034754199 	113.9641157 	-1.935311102e-10 	1.128627581e-18
0.09736666667 	93.36923839 	5421.469458 	0.2025221437 	115.4944906 	-1.961297827e-10 	-1.390112644e-19
0.09821333333 	93.19016367 	5385.116093 	0.2015505576 	117.0418679 	-1.987574992e-10 	-1.408737158e-19
0.09906 	93.00732905 	5348.130144 	0.2005606618 	118.6062477 	-2.014140889e-10 	-1.427566317e-19
0.1007533333 	92.62219827 	5270.96839 	0.1984876461 	121.8190939 	-2.068700619e-10 	-1.466236716e-19
0.1016 	92.42367968 	5231.429435 	0.1974229345 	123.4504134 	-2.096403268e-10 	-1.485871574e-19
0.1024466667 	92.21707533 	5190.618799 	0.196320373 	125.1142487 	-2.124658093e-10 	-1.505897798e-19
0.10414 	91.7915009 	5107.099168 	0.1940580937 	128.4898164 	-2.181981856e-10 	1.601483435e-19
0.1049866667 	91.5682461 	5063.766387 	0.192879144 	130.2169229 	-2.211310397e-10 	-1.56731451e-19
0.1058333333 	91.34070159 	5019.810533 	0.1916809764 	131.9594211 	-2.240901055e-10 	-1.588287534e-19
0.10668 	91.10886737 	4975.231605 	0.1904635909 	133.7173111 	-2.270753092e-10 	-1.609445818e-19
0.1083733333 	90.62333598 	4883.013028 	0.1879327928 	137.3076965 	-2.331724097e-10 	-1.652660348e-19
0.10922 	90.37394867 	4836.001265 	0.1866387189 	139.1247179 	-2.362580289e-10 	-1.674530347e-19
0.1109133333 	89.85280189 	4739.062718 	0.1839560548 	142.8293778 	-2.425491872e-10 	-1.719120305e-19
0.11176 	89.58540459 	4689.729074 	0.1825863374 	144.7023133 	-2.457297583e-10 	-1.741663297e-19
0.1126066667 	89.30904583 	4639.320174 	0.1811803878 	146.6015814 	-2.489550467e-10 	-1.764523232e-19
0.1134533333 	89.02805578 	4588.373594 	0.1797560385 	148.5134504 	-2.522017337e-10 	-1.787534835e-19
0.1143 	88.74243445 	4536.889336 	0.1783132898 	150.4379204 	-2.554698193e-10 	-1.810698105e-19
0.1151466667 	88.44792195 	4484.44942 	0.1768365511 	152.3858273 	-2.587777048e-10 	-1.834143466e-19
0.1159933333 	88.14879569 	4431.530794 	0.1753424943 	154.3452395 	-2.621051283e-10 	-1.857727306e-19
0.11684 	87.84505567 	4378.13346 	0.1738311196 	156.3161569 	-2.654520897e-10 	-1.881449625e-19
0.1176866667 	87.53235152 	4323.878271 	0.172287379 	158.3065007 	-2.688320406e-10 	-1.905405765e-19
0.1210733333 	86.22882184 	4102.411722 	0.165932938 	166.3789196 	-2.825404154e-10 	-2.002566863e-19
0.12192 	85.8924406 	4046.454506 	0.1643137289 	168.4236872 	-2.860127874e-10 	-2.027178058e-19
0.1227666667 	85.54382712 	3989.346248 	0.1626510948 	170.4879178 	-2.895182108e-10 	-2.052023512e-19
0.1236133333 	85.19047816 	3931.903037 	0.160973604 	172.5433094 	-2.93008624e-10 	-2.076762577e-19
0.12446 	84.83239372 	3874.124874 	0.1592812565 	174.5898619 	-2.96484027e-10 	-2.101395254e-19
0.127 	83.74902175 	3703.483674 	0.1542346813 	180.7696006 	-3.069783007e-10 	-1.562214491e-17
0.12954 	82.79792652 	3558.034721 	0.1498815332 	185.9027918 	-3.15695348e-10 	-7.412875136e-18
0.1303866667 	82.55698239 	3521.918356 	0.1487918945 	187.2130776 	-3.179204483e-10 	-2.253330569e-19
0.1312333333 	82.32737183 	3487.677855 	0.1477567584 	188.4537477 	-3.200273225e-10 	-2.2682635e-19
0.13208 	82.10909482 	3455.313217 	0.146776125 	189.624802 	-3.220159769e-10 	-2.282358522e-19
0.13462 	81.4397026 	3357.589963 	0.1437970061 	193.1330642 	-3.279736083e-10 	3.20838931e-18
0.1354666667 	81.20127522 	3323.328052 	0.1427459361 	194.3612936 	-3.300593654e-10 	-2.339367794e-19
0.13716 	80.71600528 	3254.175306 	0.1406173964 	196.8386876 	-3.342664224e-10 	-1.10387055e-17
0.1380066667 	80.47128449 	3219.788081 	0.1395529724 	198.0745381 	-3.363651021e-10 	-2.384061079e-19
0.1388533333 	80.22751543 	3185.72754 	0.1384962796 	199.301922 	-3.384494139e-10 	-2.398834094e-19
0.1397 	79.98469808 	3151.993685 	0.1374473178 	200.5208393 	-3.40519348e-10 	-2.413505204e-19
0.1405466667 	79.74408277 	3118.943443 	0.1364149411 	201.7205204 	-3.425566158e-10 	-2.427944783e-19
0.1439333333 	78.78468205 	2989.385353 	0.1323404866 	206.4536533 	-3.505943006e-10 	-2.484913629e-19
0.14478 	78.54348332 	2957.368419 	0.1313266523 	207.6279811 	-3.52588514e-10 	-2.499048051e-19
0.1456266667 	78.30004205 	2925.426351 	0.130310496 	208.7989345 	-3.54576997e-10 	-2.513141859e-19
0.14732 	77.80983244 	2861.670484 	0.1282751158 	211.1374027 	-3.585481367e-10 	-1.430792634e-18
0.1481666667 	77.56237889 	2829.96073 	0.1272567789 	212.3038106 	-3.605288878e-10 	-2.555327184e-19
0.14986 	77.0657842 	2766.89583 	0.1252241936 	214.6298531 	-3.644788703e-10 	4.790966108e-17
0.1507066667 	76.81688684 	2735.761517 	0.1242146484 	215.7844913 	-3.664396906e-10 	-2.597221289e-19
0.1515533333 	76.5681756 	2704.838574 	0.1232095291 	216.9346991 	-3.68392944e-10 	-2.611065399e-19
0.1524 	76.31965047 	2674.127001 	0.1222088356 	218.0804765 	-3.703386737e-10 	-2.624856183e-19
0.15494 	75.57810826 	2584.151126 	0.1192556122 	221.4677443 	-3.760908086e-10 	-1.859080945e-18
0.1566333333 	75.0878763 	2525.927856 	0.1173281749 	223.6781535 	-3.798445052e-10 	-2.692230838e-19
0.15748 	74.84369795 	2497.193118 	0.1163734294 	224.7728701 	-3.817035249e-10 	-2.705407046e-19
0.1591733333 	74.35809044 	2440.913034 	0.1144920279 	226.9297819 	-3.853663372e-10 	-2.731368028e-19
0.16002 	74.11601409 	2413.114291 	0.1135593123 	227.9988128 	-3.871817381e-10 	-2.744235078e-19
0.1617133333 	73.63427699 	2358.633392 	0.1117201593 	230.1062415 	-3.907605195e-10 	-2.769600473e-19
0.16256 	73.39419387 	2331.730841 	0.1108086377 	231.1510221 	-3.925347391e-10 	-2.782175641e-19
0.1642533333 	72.91701683 	2279.072239 	0.1090135134 	233.2112841 	-3.960334232e-10 	-2.806973329e-19
0.1651 	72.67936302 	2253.086758 	0.1081244011 	234.2325023 	-3.977676299e-10 	-2.819264897e-19
0.1659466667 	72.44290794 	2227.547251 	0.107246261 	235.2418847 	-3.994817372e-10 	-2.831414006e-19
0.1667933333 	72.20702924 	2202.224769 	0.1063734655 	236.2456532 	-4.011863111e-10 	-2.843495546e-19
0.16764 	71.97172694 	2177.11931 	0.1055060146 	237.2438078 	-4.028813516e-10 	-2.855509515e-19
0.1684866667 	71.73771593 	2152.45544 	0.1046496432 	238.2309293 	-4.04557656e-10 	-2.867390689e-19
0.1718733333 	70.8110597 	2056.552086 	0.101295445 	242.1080049 	-4.111416064e-10 	-2.914055874e-19
0.17272 	70.58180756 	2033.258815 	0.1004747415 	243.0589401 	-4.127564602e-10 	-2.925501503e-19
0.1735666667 	70.35434904 	2010.426736 	0.0996663726 	243.9972284 	-4.143498373e-10 	-2.936794911e-19
0.1744133333 	70.12807404 	1987.849147 	0.0988650988 	244.9282417 	-4.159308602e-10 	-2.948000756e-19
0.17526 	69.90298257 	1965.526047 	0.09807092011 	245.85198 	-4.17499529e-10 	-2.959119038e-19
0.1769533333 	69.46101727 	1922.343403 	0.09652544599 	247.6542776 	-4.205601444e-10 	-2.980811818e-19
0.1778 	69.24282179 	1901.214524 	0.09576654408 	248.5405932 	-4.22065263e-10 	-2.991479674e-19
0.1786466667 	69.02840585 	1880.693991 	0.09502603052 	249.4070381 	-4.235366374e-10 	-3.001908362e-19
0.18034 	68.60447328 	1840.472089 	0.0935695416 	251.1141768 	-4.264358729e-10 	8.56887315e-19
0.1811866667 	68.39581248 	1820.959014 	0.09285885706 	251.9495307 	-4.278542331e-10 	-3.032510264e-19
0.1820333333 	68.18840491 	1801.672479 	0.09215483971 	252.7774911 	-4.292602543e-10 	-3.042475746e-19
0.18288 	67.98225057 	1782.612483 	0.09145748955 	253.5980581 	-4.306537201e-10 	-3.052352239e-19
0.1845733333 	67.57641242 	1745.615974 	0.09009624979 	255.2064322 	-4.333850198e-10 	-3.071710922e-19
0.18542 	67.37490734 	1727.401455 	0.08942379081 	256.0045553 	-4.34740372e-10 	-3.081317276e-19
0.1871133333 	66.97682402 	1691.913689 	0.088106322 	257.5747122 	-4.374067722e-10 	-3.10021597e-19
0.18796 	66.78010128 	1674.522224 	0.08745850645 	258.3465435 	-4.387174763e-10 	-3.109505871e-19
0.1888066667 	66.58714879 	1657.649885 	0.08682726659 	259.098171 	-4.399938708e-10 	-3.118552596e-19
0.1921933333 	65.83613138 	1593.01964 	0.08439395284 	262.0050245 	-4.449302149e-10 	-3.153540012e-19
0.19304 	65.65347695 	1577.552578 	0.08380788416 	262.7080348 	-4.461240489e-10 	-3.162001571e-19
0.1938866667 	65.47398365 	1562.510337 	0.08323555721 	263.3961986 	-4.472926712e-10 	-3.170284436e-19
0.1947333333 	65.2960369 	1547.673144 	0.08266989549 	264.0771746 	-4.484490872e-10 	-3.178480787e-19
0.19558 	65.11963668 	1533.040999 	0.08211089899 	264.7509628 	-4.49593297e-10 	-3.186590624e-19
0.1972733333 	64.77463508 	1504.780393 	0.08102584655 	266.0628715 	-4.518211467e-10 	-3.202380995e-19
0.19812 	64.60452783 	1490.950417 	0.0804932571 	266.7077343 	-4.529162362e-10 	-3.210142681e-19
0.1998133333 	64.27304053 	1464.325197 	0.07946294265 	267.9589195 	-4.550409667e-10 	-3.225202173e-19
0.20066 	64.10989807 	1451.316294 	0.07895806892 	268.5733206 	-4.56084327e-10 	-3.232597216e-19
0.2023533333 	63.79192423 	1426.25779 	0.07798099533 	269.766235 	-4.581101036e-10 	-3.24695535e-19
0.2032 	63.6354557 	1414.014161 	0.07750226548 	270.3513303 	-4.591036975e-10 	-3.253997663e-19
0.2040466667 	63.48254786 	1402.158571 	0.07703702929 	270.9203058 	-4.60069917e-10 	-3.260845956e-19
0.2074333333 	62.89257414 	1357.008746 	0.07525594388 	273.1008816 	-4.63772915e-10 	-3.287091762e-19
0.20828 	62.75082998 	1346.302923 	0.07483136776 	273.6204799 	-4.646552835e-10 	-3.293345741e-19
0.21082 	62.34126528 	1315.749626 	0.07361363153 	275.1180258 	-4.671983377e-10 	-1.429477494e-17
0.2116666667 	62.20951063 	1306.039636 	0.07322473973 	275.5976064 	-4.680127891e-10 	-3.317142795e-19
0.2125133333 	62.07959551 	1296.502257 	0.07284217113 	276.0691217 	-4.688135042e-10 	-3.322818038e-19
0.21336 	61.95151993 	1287.13749 	0.07246592571 	276.5325717 	-4.69600523e-10 	-3.328396206e-19
0.2150533333 	61.70778565 	1269.481566 	0.07175391904 	277.4104858 	-4.710913742e-10 	-3.338962939e-19
0.2159 	61.59009894 	1261.003954 	0.07141128077 	277.8314131 	-4.718061822e-10 	-3.344029297e-19
0.2167466667 	61.47863305 	1253.029985 	0.07108810337 	278.2300576 	-4.724831501e-10 	-3.348827454e-19
0.21844 	61.26439437 	1237.779552 	0.0704687919 	278.9959161 	-4.737837095e-10 	-4.162208489e-19
0.2192866667 	61.16323973 	1230.636801 	0.07017779281 	279.3561528 	-4.743954562e-10 	-3.362381341e-19
0.2201333333 	61.06366289 	1223.626799 	0.06989185532 	279.711817 	-4.749994359e-10 	-3.366662179e-19
0.22098 	60.96566386 	1216.749545 	0.06961097944 	280.0629084 	-4.755956504e-10 	-3.37088798e-19
0.22352 	60.6777534 	1196.724191 	0.06879018346 	281.0924151 	-4.773438641e-10 	1.266449441e-17
0.2243666667 	60.58370183 	1190.239566 	0.06852345194 	281.426806 	-4.779117863e-10 	-3.387304098e-19
0.2252133333 	60.49064429 	1183.841819 	0.06825998886 	281.7574404 	-4.784732611e-10 	-3.391283674e-19
0.22606 	60.39858079 	1177.530951 	0.06799979423 	282.0843182 	-4.790283567e-10 	-3.395218034e-19
0.2269066667 	60.3097308 	1171.473639 	0.06774949677 	282.3989155 	-4.795625976e-10 	-3.399004584e-19
0.2286 	60.13935996 	1159.904911 	0.06727068697 	282.9988818 	-4.805813093e-10 	4.29345121e-17
0.2294466667 	60.06129425 	1154.637876 	0.06705213591 	283.2700374 	-4.810419147e-10 	-3.409489566e-19
0.2328333333 	59.77468062 	1135.434324 	0.06625319371 	284.2756296 	-4.827495856e-10 	-3.421593056e-19
0.23368 	59.71012381 	1131.137994 	0.06607396363 	284.5030336 	-4.831357571e-10 	-3.424330132e-19
0.2345266667 	59.65184199 	1127.273256 	0.065912486 	284.715458 	-4.834964907e-10 	-3.42688691e-19
0.2379133333 	59.44412919 	1113.572269 	0.06533894699 	285.4423395 	-4.847308623e-10 	-3.435635788e-19
0.23876 	59.39661329 	1110.454361 	0.06520817388 	285.6060537 	-4.850088776e-10 	-3.437606282e-19
0.2396066667 	59.35112156 	1107.476859 	0.06508313899 	285.7777317 	-4.853004167e-10 	-3.439672629e-19
0.2413 	59.26448632 	1101.817393 	0.06484525421 	286.0917857 	-4.858332789e-10 	-1.057319129e-16
0.2421466667 	59.2271571 	1099.386336 	0.06474294216 	286.2210313 	-4.860532169e-10 	-3.445008264e-19
0.2429933333 	59.19243326 	1097.12753 	0.064647838 	286.3505892 	-4.862732287e-10 	-3.446567646e-19
0.24384 	59.16031479 	1095.040975 	0.06455994173 	286.4804593 	-4.864937708e-10 	-3.448130787e-19
0.2446866667 	59.13039813 	1093.100909 	0.06447815302 	286.5990971 	-4.866952385e-10 	-3.449558733e-19
0.2455333333 	59.10252957 	1091.295038 	0.06440199351 	286.7066801 	-4.868779331e-10 	-3.450853621e-19
0.24638 	59.07670913 	1089.623364 	0.0643314632 	286.8032082 	-4.870418547e-10 	-3.45201545e-19
0.2480733333 	59.0371109 	1087.063508 	0.06422337904 	286.9470518 	-4.872861262e-10 	-3.453746778e-19
0.24892 	59.02045962 	1085.98824 	0.06417796064 	287.0152469 	-4.874019333e-10 	-3.454567586e-19
0.2497666667 	59.00637323 	1085.079491 	0.06413956256 	287.0765741 	-4.875060776e-10 	-3.455305732e-19
0.25146 	58.98338761 	1083.597762 	0.06407694477 	287.1683646 	-4.876619541e-10 	-3.455869617e-18
0.2523066667 	58.97799209 	1083.249779 	0.06406222819 	287.1961785 	-4.877091868e-10 	-3.456745313e-19
0.2531533333 	58.97491938 	1083.051366 	0.06405383281 	287.2167691 	-4.877441532e-10 	-3.456993145e-19
0.254 	58.97416948 	1083.002522 	0.0640517586 	287.2301364 	-4.877668532e-10 	-3.457154036e-19
